1.240894607684002587e-01
1.548812169300311514e-01
5.078953950488612756e-02
1.009822507588784002e-01
1.675322097864922199e-01
1.184950568162517204e-01
1.178637185924715086e-01
2.079111253896213929e-02
1.397457427563213173e-01
1.805647187719592595e-01
7.948912127399905547e-02
1.092533745581689558e-01
1.878498659233505952e-01
7.114472467378986364e-02
7.647877202410227615e-02
2.833752090042832017e-02
1.229527560453775037e-01
4.026137087507675183e-02
6.662519796153121288e-02
-3.932146909693859382e-03
1.294830630180910380e-01
1.459083683131813525e-01
1.657889343702322049e-01
7.748710675257135250e-02
8.551236485613697424e-02
1.650440369063765900e-01
1.528890927393352639e-01
1.412643682005576828e-01
1.962450562267633591e-01
6.777363574145536806e-02
1.218811839686911869e-01
1.414865797724440821e-01
1.384386456878733962e-01
1.756940269053771098e-01
4.735859377802865977e-02
1.182105836028112117e-01
1.603243568356544357e-01
6.308354573083960193e-02
-8.052877399103486322e-03
9.485230309908636304e-02
1.647724740084034467e-01
2.714551376984068731e-02
1.273084099467403363e-01
1.320106361478849410e-01
8.406629645535071416e-02
1.187807231309243733e-01
9.494218368520276896e-02
1.166644952631381432e-01
7.538978099085968942e-02
7.548143426097866926e-02
1.228607959594807536e-01
8.955822595785074836e-02
1.279530464098752873e-01
1.075349500161011801e-01
1.035158454525293703e-01
1.007314789059606114e-01
1.176218458839851377e-01
1.436004261603634480e-01
1.715546819566556025e-01
1.337507810535045194e-01
1.375258375384133813e-01
1.446091776450072475e-01
8.655346854312517824e-02
1.449377374799472595e-01
2.540547728255361515e-02
8.064022328205103229e-02
5.126310717652528964e-02
1.420236702105351911e-01
7.366331579328935786e-02
1.347986024331419286e-01
1.979100592113861301e-01
1.150576618625035880e-01
1.997686132459071118e-01
8.919831124084678931e-02
2.212099269519617051e-02
1.043811622957381280e-01
9.681913423084489989e-02
1.394685591505664957e-01
1.074840695459225448e-01
1.161126618386884857e-01
1.203206692092257113e-01
1.314113349339600390e-02
8.688613258438820930e-02
1.733863972944969245e-01
1.633538898226545022e-01
5.281555308774407709e-02
9.080090891108741347e-02
1.794527003227074369e-01
1.265513563489980009e-01
6.659628589568918067e-02
1.542009225528802596e-01
2.720117228767983397e-02
1.214200970601046065e-01
1.084185130725586338e-01
1.335364156562817151e-01
6.178462547628747747e-02
7.933184084186328811e-02
1.453792650460472846e-01
1.547633290062850886e-01
9.890683741458593248e-02
8.868971260669893109e-02
1.035029368768452668e-01
7.341908036948387173e-02
9.634671275711449712e-02
1.277896452338312949e-01
1.336570563497616881e-01
1.517730895662036394e-01
4.414031013057914676e-02
2.535205107778847056e-02
4.027979714712799642e-02
1.682388120344879834e-01
1.437931159168247819e-01
1.275700814407312589e-01
1.278019056925893127e-01
1.643394373285813337e-01
5.678908326922819938e-02
1.168476703732967137e-01
1.725482821277294632e-01
2.078133398217225647e-01
2.805863481801881831e-02
1.462917685196861162e-01
1.160772818230468434e-01
4.324006508705330321e-02
4.191573712086157921e-02
1.315697130018892991e-01
3.257209618417550301e-02
4.472753189843378663e-02
1.313895545291163536e-01
1.273583406477694357e-01
1.390380741232178918e-01
1.014864297977619984e-01
1.188581124507769732e-01
5.423332254683958104e-02
1.364263157697237216e-01
1.132640395765816960e-01
1.147374427872721453e-01
6.969760370821537210e-02
1.422976266362555864e-01
8.027457078740646290e-02
1.238192668337910612e-01
1.454066787609598621e-01
1.265607884565754515e-01
1.281378075993038768e-01
1.985002703592462225e-01
1.575213993456624217e-01
1.617420198583368052e-01
1.155809134755915873e-01
1.363101168335133229e-01
8.116559778546730830e-02
1.426546465866770919e-01
1.871655301971819618e-01
5.956098177929839560e-02
7.952602701268557395e-02
9.610092401724673605e-02
7.750152741841670467e-02
1.674057238137095505e-01
1.714466908049933069e-02
9.512423164380474916e-02
6.000252489255794575e-02
1.050313087254883815e-01
1.378581012934182171e-01
9.943504295134565629e-02
1.301345018045508284e-01
1.079108329414752709e-01
8.021201915032839802e-02
1.817115431226961619e-01
1.474794680686246917e-01
1.653601056827053162e-02
9.514357665226516603e-02
1.660664837080123024e-01
8.179598546021812910e-02
1.613754285537533639e-01
1.821498612671224593e-01
7.462016594166061279e-02
1.179680568930121937e-01
1.870591964542825392e-01
1.346716365773800161e-01
9.133821488173353431e-02
7.993845258806084320e-02
1.595460747375990473e-01
1.058418382685971243e-01
4.045711740964962055e-02
1.312953045837771116e-01
9.057469051952045380e-02
1.377411995589403193e-01
6.211551303555825493e-02
1.687034784167105728e-01
1.367257042848758208e-01
1.584899720644704357e-02
9.766416660556268003e-02
6.509178937983627067e-02
8.938873458789406423e-02
1.996377457244982168e-01
3.004558069375476426e-02
1.316497905704976934e-01
1.160807332680670600e-01
1.050472271117486173e-01
8.524520064225955818e-02
1.646280790616005685e-01
1.290698203341269501e-01
