1.370613044845250261e-01
1.788491407695485536e-01
6.336178056198031594e-02
1.020248258288685567e-01
1.844304971580128238e-01
1.181229597179527385e-01
1.147616932312746224e-01
3.407003552047388473e-02
1.556697620743105748e-01
1.714046027075312728e-01
8.861799524640462389e-02
1.085898623713428685e-01
1.661023756212305635e-01
8.259332107748519614e-02
3.728077336191180924e-02
4.496356297378036049e-02
1.205663263499906768e-01
6.035029677554521604e-02
5.616211704642409819e-02
3.025769259201682715e-02
1.376813364008140916e-01
1.917328946538875423e-01
1.747206664299094103e-01
4.113718178589208241e-02
7.177499437312523378e-02
1.896305367351444615e-01
1.763983049529166958e-01
1.488487750317886160e-01
1.885811561547666992e-01
3.553262770668272341e-02
1.210874910478185601e-01
1.310962424256632286e-01
1.745481304040117365e-01
1.605093968893982759e-01
5.915001756873558558e-02
1.260479971072859251e-01
1.600221752051191604e-01
6.358764678174332052e-02
2.665059508614604777e-02
9.542714740295062115e-02
1.803365287401563766e-01
5.077986506729718907e-02
1.393991107439845611e-01
1.416036141485686184e-01
4.924611299689220928e-02
1.261632370473662057e-01
9.433977039233328032e-02
1.201815164087119969e-01
8.635332360926332995e-02
7.036822938602374511e-02
1.256894581787516563e-01
9.549215702286589780e-02
1.388610135695392545e-01
1.073610340394983570e-01
9.970826962524105552e-02
1.006581194470167473e-01
1.201126127505514618e-01
1.454342928997928719e-01
1.492061857579393969e-01
1.286777548439954622e-01
1.290524294507494063e-01
1.401027550270218247e-01
7.162342731176055133e-02
1.377367084501680550e-01
4.725328918210906781e-02
6.570480415119692164e-02
3.455265824025623156e-02
1.405912624494375096e-01
8.288654118623563216e-02
1.349084446935708836e-01
1.887371954452009282e-01
1.142437369473297964e-01
1.895205101564695904e-01
4.662235041803565461e-02
4.517343324115472014e-02
9.666364475641971155e-02
1.002695350116416528e-01
1.440866568206729259e-01
1.012069913892453960e-01
1.141325092259873608e-01
1.176249944168888673e-01
3.881815790621226392e-02
5.349729840635756434e-02
1.825467885927171685e-01
1.503221584796301524e-01
5.397185946150625385e-02
6.869912199962591171e-02
1.579043151406724910e-01
1.332412368402509095e-01
3.822473517203582583e-02
1.429333034765429555e-01
5.146964177094683762e-02
1.335497161112400299e-01
1.048428817400941376e-01
1.298177907823856725e-01
5.878077132660242815e-02
7.911485940726986632e-02
1.434398692481862747e-01
1.642993003023306975e-01
9.540145550904717553e-02
7.612922653168419096e-02
1.034446895590823978e-01
3.436214369837081728e-02
9.980518936843696398e-02
1.252401172418207143e-01
1.641614342822441397e-01
1.402517786610073813e-01
5.113164197671919015e-02
4.536638923193767048e-02
3.910331013193181493e-02
1.510424783292472484e-01
1.435374500055367208e-01
1.358796312859105182e-01
1.240315881956576410e-01
1.634331415397363707e-01
4.067154200088542171e-02
1.191381657371028968e-01
1.599845679119746567e-01
1.814584577120367248e-01
4.874959895287962058e-02
1.495389093722007401e-01
1.159781378270682284e-01
5.826676966234127508e-02
3.778722314608924659e-02
1.365866573013423957e-01
5.753624275340730315e-02
5.703837461999146374e-02
1.227618184663709366e-01
1.472279791973525043e-01
1.295854107494532337e-01
1.018309983875539254e-01
1.169917721565001956e-01
4.274887871055040034e-02
1.687137631061434440e-01
1.135018640887694996e-01
1.167429053380256154e-01
4.015190278908355170e-02
1.773210979242285101e-01
4.624779746332778607e-02
1.321553923777952499e-01
1.663500215321077058e-01
1.457471804853188169e-01
1.244795183790422255e-01
1.722438205106226472e-01
1.402414138686379763e-01
1.659701574357390630e-01
1.180633597098422888e-01
1.478720997276251614e-01
7.619412179523771256e-02
1.522120950443600074e-01
1.646968723944437218e-01
5.565539877639659461e-02
8.255810969766233520e-02
6.578228107264003088e-02
8.678300751767470400e-02
1.797841128456390825e-01
3.010614651258783359e-02
9.739272242011584590e-02
5.938304660056751422e-02
1.005495097768752677e-01
1.511970466090500342e-01
7.840780301342840930e-02
1.564348491813329356e-01
1.033369517512838093e-01
5.981926600641335884e-02
1.900301048625134825e-01
1.912710456728439201e-01
3.083647641854092569e-02
8.706478059501666922e-02
1.481595381907348519e-01
4.368748575250856747e-02
1.716427496709746481e-01
1.695541505768910495e-01
8.239350267133235817e-02
1.251003777345135459e-01
1.888784719853372485e-01
1.393250627671896447e-01
9.412542763270081991e-02
7.887362521276802818e-02
1.481719956832170948e-01
1.043567027938690078e-01
4.410237610222737803e-02
1.418438952764178862e-01
9.408432664234672727e-02
1.596033917624598009e-01
2.886841608548867955e-02
1.650745328349265961e-01
1.522539642602530607e-01
2.715150870121738058e-02
1.000702138798523766e-01
3.315136445739023940e-02
7.231610543351271736e-02
1.870670924558346937e-01
3.331305454662326915e-02
1.241390837060232094e-01
1.182942957682732860e-01
1.022566541337322915e-01
7.712204777845610426e-02
1.742912136046503302e-01
1.290698203341269779e-01
